(kicad_pcb (version 20171130) (host pcbnew "(5.0.0-rc2-190-gf634b7565)")

  (general
    (thickness 1.6)
    (drawings 0)
    (tracks 962)
    (zones 0)
    (modules 60)
    (nets 110)
  )

  (page A4)
  (layers
    (0 F.Cu signal)
    (31 B.Cu signal)
    (33 F.Adhes user)
    (35 F.Paste user)
    (37 F.SilkS user)
    (39 F.Mask user)
    (40 Dwgs.User user)
    (41 Cmts.User user)
    (42 Eco1.User user)
    (43 Eco2.User user)
    (44 Edge.Cuts user)
    (45 Margin user)
    (46 B.CrtYd user)
    (47 F.CrtYd user)
    (49 F.Fab user)
  )

  (setup
    (last_trace_width 0.254)
    (user_trace_width 0.254)
    (user_trace_width 0.3048)
    (user_trace_width 0.4064)
    (user_trace_width 0.6096)
    (user_trace_width 0.8128)
    (user_trace_width 1.016)
    (user_trace_width 1.27)
    (user_trace_width 1.524)
    (trace_clearance 0.2032)
    (zone_clearance 0.508)
    (zone_45_only no)
    (trace_min 0.2)
    (segment_width 0.2)
    (edge_width 0.15)
    (via_size 0.8128)
    (via_drill 0.4)
    (via_min_size 0.4)
    (via_min_drill 0.3)
    (user_via 0.8128 0.4064)
    (user_via 1.016 0.6096)
    (user_via 1.2192 0.8128)
    (uvia_size 0.3)
    (uvia_drill 0.1)
    (uvias_allowed no)
    (uvia_min_size 0.2)
    (uvia_min_drill 0.1)
    (pcb_text_width 0.3)
    (pcb_text_size 1.5 1.5)
    (mod_edge_width 0.15)
    (mod_text_size 1 1)
    (mod_text_width 0.15)
    (pad_size 1.524 1.524)
    (pad_drill 0.762)
    (pad_to_mask_clearance 0.2)
    (aux_axis_origin 0 0)
    (visible_elements 7FFDEFFF)
    (pcbplotparams
      (layerselection 0x010fc_ffffffff)
      (usegerberextensions false)
      (usegerberattributes false)
      (usegerberadvancedattributes false)
      (creategerberjobfile false)
      (excludeedgelayer true)
      (linewidth 0.100000)
      (plotframeref false)
      (viasonmask false)
      (mode 1)
      (useauxorigin false)
      (hpglpennumber 1)
      (hpglpenspeed 20)
      (hpglpendiameter 15.000000)
      (psnegative false)
      (psa4output false)
      (plotreference true)
      (plotvalue true)
      (plotinvisibletext false)
      (padsonsilk false)
      (subtractmaskfromsilk false)
      (outputformat 1)
      (mirror false)
      (drillshape 1)
      (scaleselection 1)
      (outputdirectory ""))
  )

  (net 0 "")
  (net 1 /SDA0)
  (net 2 /SCL0)
  (net 3 /SDA1)
  (net 4 /SCL1)
  (net 5 /3.3V_SW)
  (net 6 VBAT_SW_G)
  (net 7 3.3V_SW_G)
  (net 8 "Net-(IC4-Pad10)")
  (net 9 "Net-(IC4-Pad11)")
  (net 10 /SDA4)
  (net 11 /SCL4)
  (net 12 /SDA5)
  (net 13 /SCL5)
  (net 14 /SCL7)
  (net 15 /SDA7)
  (net 16 /SCL6)
  (net 17 /SDA6)
  (net 18 /SDA2)
  (net 19 /SCL2)
  (net 20 /SDA3)
  (net 21 /SCL3)
  (net 22 SWIO3)
  (net 23 SWIO2)
  (net 24 SWIO1)
  (net 25 SWIO0)
  (net 26 "Net-(IC2-Pad24)")
  (net 27 "Net-(IC2-Pad23)")
  (net 28 "Net-(IC2-Pad22)")
  (net 29 "Net-(IC2-Pad21)")
  (net 30 "Net-(IC7-Pad1)")
  (net 31 AMUX3)
  (net 32 GND)
  (net 33 "Net-(IC7-Pad4)")
  (net 34 3.3V_IN)
  (net 35 GPIO8)
  (net 36 GPIO9)
  (net 37 /I2C-Analog-Expander/3.3V_CTRL)
  (net 38 /I2C-Analog-Expander/VBAT_CTRL)
  (net 39 "Net-(IC2-Pad6)")
  (net 40 AMUX0)
  (net 41 "Net-(IC2-Pad9)")
  (net 42 "Net-(IC2-Pad10)")
  (net 43 AMUX1)
  (net 44 AMUX2)
  (net 45 /M_SCL)
  (net 46 /M_SDA)
  (net 47 "Net-(IC2-Pad25)")
  (net 48 GPIO5)
  (net 49 GPIO6)
  (net 50 GPIO7)
  (net 51 "Net-(C2-Pad1)")
  (net 52 SWIO4)
  (net 53 VBAT_IN)
  (net 54 PSW4)
  (net 55 PSW3)
  (net 56 PSW2)
  (net 57 PSW1)
  (net 58 PSW0)
  (net 59 A11)
  (net 60 A10)
  (net 61 A9)
  (net 62 A8)
  (net 63 /M_ANA)
  (net 64 "Net-(IC8-Pad6)")
  (net 65 A15)
  (net 66 A14)
  (net 67 A13)
  (net 68 A12)
  (net 69 "Net-(C9-Pad1)")
  (net 70 "Net-(C8-Pad2)")
  (net 71 /A4)
  (net 72 /A5)
  (net 73 /A6)
  (net 74 /A7)
  (net 75 "Net-(IC6-Pad6)")
  (net 76 /A0)
  (net 77 /A1)
  (net 78 /A2)
  (net 79 /A3)
  (net 80 /VBAT_SW)
  (net 81 /3.3V_LOC)
  (net 82 /VBAT_LOC)
  (net 83 "Net-(IC1-Pad2)")
  (net 84 /M_OUT)
  (net 85 /M_PWR)
  (net 86 "Net-(U1-Pad2)")
  (net 87 "Net-(U1-Pad3)")
  (net 88 "Net-(U1-Pad4)")
  (net 89 "Net-(U1-Pad5)")
  (net 90 "Net-(U1-Pad6)")
  (net 91 "Net-(U1-Pad7)")
  (net 92 "Net-(U1-Pad8)")
  (net 93 "Net-(U1-Pad9)")
  (net 94 "Net-(U1-Pad12)")
  (net 95 "Net-(U1-Pad13)")
  (net 96 VUSB)
  (net 97 "Net-(U1-Pad18)")
  (net 98 "Net-(U1-Pad19)")
  (net 99 "Net-(U1-Pad20)")
  (net 100 "Net-(U1-Pad21)")
  (net 101 "Net-(U1-Pad22)")
  (net 102 "Net-(U1-Pad23)")
  (net 103 "Net-(U1-Pad26)")
  (net 104 "Net-(U1-Pad27)")
  (net 105 /ENA_OUT)
  (net 106 "Net-(C1-Pad1)")
  (net 107 "Net-(R12-Pad4)")
  (net 108 "Net-(R12-Pad2)")
  (net 109 "Net-(C10-Pad2)")

  (net_class Default "This is the default net class."
    (clearance 0.2032)
    (trace_width 0.254)
    (via_dia 0.8128)
    (via_drill 0.4)
    (uvia_dia 0.3)
    (uvia_drill 0.1)
    (add_net /A0)
    (add_net /A1)
    (add_net /A2)
    (add_net /A3)
    (add_net /A4)
    (add_net /A5)
    (add_net /A6)
    (add_net /A7)
    (add_net /ENA_OUT)
    (add_net /M_ANA)
    (add_net /M_OUT)
    (add_net /M_SCL)
    (add_net /M_SDA)
    (add_net /SCL0)
    (add_net /SCL1)
    (add_net /SCL2)
    (add_net /SCL3)
    (add_net /SCL4)
    (add_net /SCL5)
    (add_net /SCL6)
    (add_net /SCL7)
    (add_net /SDA0)
    (add_net /SDA1)
    (add_net /SDA2)
    (add_net /SDA3)
    (add_net /SDA4)
    (add_net /SDA5)
    (add_net /SDA6)
    (add_net /SDA7)
    (add_net 3.3V_IN)
    (add_net 3.3V_SW_G)
    (add_net A10)
    (add_net A11)
    (add_net A12)
    (add_net A13)
    (add_net A14)
    (add_net A15)
    (add_net A8)
    (add_net A9)
    (add_net AMUX0)
    (add_net AMUX1)
    (add_net AMUX2)
    (add_net AMUX3)
    (add_net GND)
    (add_net GPIO5)
    (add_net GPIO6)
    (add_net GPIO7)
    (add_net GPIO8)
    (add_net GPIO9)
    (add_net "Net-(C1-Pad1)")
    (add_net "Net-(C10-Pad2)")
    (add_net "Net-(C2-Pad1)")
    (add_net "Net-(C8-Pad2)")
    (add_net "Net-(C9-Pad1)")
    (add_net "Net-(IC1-Pad2)")
    (add_net "Net-(IC2-Pad10)")
    (add_net "Net-(IC2-Pad21)")
    (add_net "Net-(IC2-Pad22)")
    (add_net "Net-(IC2-Pad23)")
    (add_net "Net-(IC2-Pad24)")
    (add_net "Net-(IC2-Pad25)")
    (add_net "Net-(IC2-Pad6)")
    (add_net "Net-(IC2-Pad9)")
    (add_net "Net-(IC4-Pad10)")
    (add_net "Net-(IC4-Pad11)")
    (add_net "Net-(IC6-Pad6)")
    (add_net "Net-(IC7-Pad1)")
    (add_net "Net-(IC7-Pad4)")
    (add_net "Net-(IC8-Pad6)")
    (add_net "Net-(R12-Pad2)")
    (add_net "Net-(R12-Pad4)")
    (add_net "Net-(U1-Pad12)")
    (add_net "Net-(U1-Pad13)")
    (add_net "Net-(U1-Pad18)")
    (add_net "Net-(U1-Pad19)")
    (add_net "Net-(U1-Pad2)")
    (add_net "Net-(U1-Pad20)")
    (add_net "Net-(U1-Pad21)")
    (add_net "Net-(U1-Pad22)")
    (add_net "Net-(U1-Pad23)")
    (add_net "Net-(U1-Pad26)")
    (add_net "Net-(U1-Pad27)")
    (add_net "Net-(U1-Pad3)")
    (add_net "Net-(U1-Pad4)")
    (add_net "Net-(U1-Pad5)")
    (add_net "Net-(U1-Pad6)")
    (add_net "Net-(U1-Pad7)")
    (add_net "Net-(U1-Pad8)")
    (add_net "Net-(U1-Pad9)")
    (add_net SWIO0)
    (add_net SWIO1)
    (add_net SWIO2)
    (add_net SWIO3)
    (add_net SWIO4)
    (add_net VBAT_SW_G)
  )

  (net_class power ""
    (clearance 0.2032)
    (trace_width 0.6096)
    (via_dia 0.8128)
    (via_drill 0.4)
    (uvia_dia 0.3)
    (uvia_drill 0.1)
    (add_net /3.3V_LOC)
    (add_net /3.3V_SW)
    (add_net /I2C-Analog-Expander/3.3V_CTRL)
    (add_net /I2C-Analog-Expander/VBAT_CTRL)
    (add_net /M_PWR)
    (add_net /VBAT_LOC)
    (add_net /VBAT_SW)
    (add_net PSW0)
    (add_net PSW1)
    (add_net PSW2)
    (add_net PSW3)
    (add_net PSW4)
    (add_net VBAT_IN)
    (add_net VUSB)
  )

  (module Capacitor_SMD:C_0603_1608Metric (layer F.Cu) (tedit 5B20DC38) (tstamp 5B3DFBEC)
    (at 196.818401 74.059401)
    (descr "Capacitor SMD 0603 (1608 Metric), square (rectangular) end terminal, IPC_7351 nominal, (Body size source: http://www.tortai-tech.com/upload/download/2011102023233369053.pdf), generated with kicad-footprint-generator")
    (tags capacitor)
    (path /5B41C9BA)
    (attr smd)
    (fp_text reference C10 (at 0 -1.43) (layer F.SilkS)
      (effects (font (size 1 1) (thickness 0.15)))
    )
    (fp_text value 100nF (at 0 1.43) (layer F.Fab)
      (effects (font (size 1 1) (thickness 0.15)))
    )
    (fp_line (start -0.8 0.4) (end -0.8 -0.4) (layer F.Fab) (width 0.1))
    (fp_line (start -0.8 -0.4) (end 0.8 -0.4) (layer F.Fab) (width 0.1))
    (fp_line (start 0.8 -0.4) (end 0.8 0.4) (layer F.Fab) (width 0.1))
    (fp_line (start 0.8 0.4) (end -0.8 0.4) (layer F.Fab) (width 0.1))
    (fp_line (start -0.162779 -0.51) (end 0.162779 -0.51) (layer F.SilkS) (width 0.12))
    (fp_line (start -0.162779 0.51) (end 0.162779 0.51) (layer F.SilkS) (width 0.12))
    (fp_line (start -1.48 0.73) (end -1.48 -0.73) (layer F.CrtYd) (width 0.05))
    (fp_line (start -1.48 -0.73) (end 1.48 -0.73) (layer F.CrtYd) (width 0.05))
    (fp_line (start 1.48 -0.73) (end 1.48 0.73) (layer F.CrtYd) (width 0.05))
    (fp_line (start 1.48 0.73) (end -1.48 0.73) (layer F.CrtYd) (width 0.05))
    (fp_text user %R (at 0 0) (layer F.Fab)
      (effects (font (size 0.4 0.4) (thickness 0.06)))
    )
    (pad 1 smd roundrect (at -0.7875 0) (size 0.875 0.95) (layers F.Cu F.Paste F.Mask) (roundrect_rratio 0.25)
      (net 32 GND))
    (pad 2 smd roundrect (at 0.7875 0) (size 0.875 0.95) (layers F.Cu F.Paste F.Mask) (roundrect_rratio 0.25)
      (net 109 "Net-(C10-Pad2)"))
    (model ${KISYS3DMOD}/Capacitor_SMD.3dshapes/C_0603_1608Metric.wrl
      (at (xyz 0 0 0))
      (scale (xyz 1 1 1))
      (rotate (xyz 0 0 0))
    )
  )

  (module Resistor_SMD:R_0603_1608Metric (layer F.Cu) (tedit 5B20DC38) (tstamp 5B3DFA45)
    (at 193.808401 75.569401)
    (descr "Resistor SMD 0603 (1608 Metric), square (rectangular) end terminal, IPC_7351 nominal, (Body size source: http://www.tortai-tech.com/upload/download/2011102023233369053.pdf), generated with kicad-footprint-generator")
    (tags resistor)
    (path /5B41C577)
    (attr smd)
    (fp_text reference R18 (at 0 -1.43) (layer F.SilkS)
      (effects (font (size 1 1) (thickness 0.15)))
    )
    (fp_text value 220R (at 0 1.43) (layer F.Fab)
      (effects (font (size 1 1) (thickness 0.15)))
    )
    (fp_text user %R (at 0 0) (layer F.Fab)
      (effects (font (size 0.4 0.4) (thickness 0.06)))
    )
    (fp_line (start 1.48 0.73) (end -1.48 0.73) (layer F.CrtYd) (width 0.05))
    (fp_line (start 1.48 -0.73) (end 1.48 0.73) (layer F.CrtYd) (width 0.05))
    (fp_line (start -1.48 -0.73) (end 1.48 -0.73) (layer F.CrtYd) (width 0.05))
    (fp_line (start -1.48 0.73) (end -1.48 -0.73) (layer F.CrtYd) (width 0.05))
    (fp_line (start -0.162779 0.51) (end 0.162779 0.51) (layer F.SilkS) (width 0.12))
    (fp_line (start -0.162779 -0.51) (end 0.162779 -0.51) (layer F.SilkS) (width 0.12))
    (fp_line (start 0.8 0.4) (end -0.8 0.4) (layer F.Fab) (width 0.1))
    (fp_line (start 0.8 -0.4) (end 0.8 0.4) (layer F.Fab) (width 0.1))
    (fp_line (start -0.8 -0.4) (end 0.8 -0.4) (layer F.Fab) (width 0.1))
    (fp_line (start -0.8 0.4) (end -0.8 -0.4) (layer F.Fab) (width 0.1))
    (pad 2 smd roundrect (at 0.7875 0) (size 0.875 0.95) (layers F.Cu F.Paste F.Mask) (roundrect_rratio 0.25)
      (net 63 /M_ANA))
    (pad 1 smd roundrect (at -0.7875 0) (size 0.875 0.95) (layers F.Cu F.Paste F.Mask) (roundrect_rratio 0.25)
      (net 109 "Net-(C10-Pad2)"))
    (model ${KISYS3DMOD}/Resistor_SMD.3dshapes/R_0603_1608Metric.wrl
      (at (xyz 0 0 0))
      (scale (xyz 1 1 1))
      (rotate (xyz 0 0 0))
    )
  )

  (module Resistor_SMD:R_0603_1608Metric (layer F.Cu) (tedit 5B20DC38) (tstamp 5B3DF9B4)
    (at 193.808401 74.059401)
    (descr "Resistor SMD 0603 (1608 Metric), square (rectangular) end terminal, IPC_7351 nominal, (Body size source: http://www.tortai-tech.com/upload/download/2011102023233369053.pdf), generated with kicad-footprint-generator")
    (tags resistor)
    (path /5B41C8C8)
    (attr smd)
    (fp_text reference R17 (at 0 -1.43) (layer F.SilkS)
      (effects (font (size 1 1) (thickness 0.15)))
    )
    (fp_text value NC (at 0 1.43) (layer F.Fab)
      (effects (font (size 1 1) (thickness 0.15)))
    )
    (fp_line (start -0.8 0.4) (end -0.8 -0.4) (layer F.Fab) (width 0.1))
    (fp_line (start -0.8 -0.4) (end 0.8 -0.4) (layer F.Fab) (width 0.1))
    (fp_line (start 0.8 -0.4) (end 0.8 0.4) (layer F.Fab) (width 0.1))
    (fp_line (start 0.8 0.4) (end -0.8 0.4) (layer F.Fab) (width 0.1))
    (fp_line (start -0.162779 -0.51) (end 0.162779 -0.51) (layer F.SilkS) (width 0.12))
    (fp_line (start -0.162779 0.51) (end 0.162779 0.51) (layer F.SilkS) (width 0.12))
    (fp_line (start -1.48 0.73) (end -1.48 -0.73) (layer F.CrtYd) (width 0.05))
    (fp_line (start -1.48 -0.73) (end 1.48 -0.73) (layer F.CrtYd) (width 0.05))
    (fp_line (start 1.48 -0.73) (end 1.48 0.73) (layer F.CrtYd) (width 0.05))
    (fp_line (start 1.48 0.73) (end -1.48 0.73) (layer F.CrtYd) (width 0.05))
    (fp_text user %R (at 0 0) (layer F.Fab)
      (effects (font (size 0.4 0.4) (thickness 0.06)))
    )
    (pad 1 smd roundrect (at -0.7875 0) (size 0.875 0.95) (layers F.Cu F.Paste F.Mask) (roundrect_rratio 0.25)
      (net 109 "Net-(C10-Pad2)"))
    (pad 2 smd roundrect (at 0.7875 0) (size 0.875 0.95) (layers F.Cu F.Paste F.Mask) (roundrect_rratio 0.25)
      (net 32 GND))
    (model ${KISYS3DMOD}/Resistor_SMD.3dshapes/R_0603_1608Metric.wrl
      (at (xyz 0 0 0))
      (scale (xyz 1 1 1))
      (rotate (xyz 0 0 0))
    )
  )

  (module SamacSys_Parts:DIP2286W64P254L4826H735Q30N (layer F.Cu) (tedit 5B33E57D) (tstamp 5B416F11)
    (at 201.93 91.44)
    (descr "NodeMCU V1.0")
    (tags "Undefined or Miscellaneous")
    (path /5BD3AB32)
    (fp_text reference U1 (at 0 0) (layer F.SilkS)
      (effects (font (size 1.27 1.27) (thickness 0.254)))
    )
    (fp_text value ESP8266-NodeMCUv2 (at 0 0) (layer F.SilkS) hide
      (effects (font (size 1.27 1.27) (thickness 0.254)))
    )
    (fp_line (start -12.7 24.13) (end 12.7 24.13) (layer F.SilkS) (width 0.2))
    (fp_line (start -12.048 -24.13) (end 12.7 -24.13) (layer F.SilkS) (width 0.2))
    (fp_line (start -12.7 -22.86) (end -11.43 -24.13) (layer Dwgs.User) (width 0.1))
    (fp_line (start -12.7 24.13) (end -12.7 -24.13) (layer Dwgs.User) (width 0.1))
    (fp_line (start 12.7 24.13) (end -12.7 24.13) (layer Dwgs.User) (width 0.1))
    (fp_line (start 12.7 -24.13) (end 12.7 24.13) (layer Dwgs.User) (width 0.1))
    (fp_line (start -12.7 -24.13) (end 12.7 -24.13) (layer Dwgs.User) (width 0.1))
    (fp_line (start -12.298 24.38) (end -12.298 -24.38) (layer Dwgs.User) (width 0.05))
    (fp_line (start 12.298 24.38) (end -12.298 24.38) (layer Dwgs.User) (width 0.05))
    (fp_line (start 12.298 -24.38) (end 12.298 24.38) (layer Dwgs.User) (width 0.05))
    (fp_line (start -12.298 -24.38) (end 12.298 -24.38) (layer Dwgs.User) (width 0.05))
    (pad 30 thru_hole circle (at 11.43 -17.78 90) (size 1.235 1.235) (drill 0.835) (layers *.Cu *.Mask F.SilkS)
      (net 105 /ENA_OUT))
    (pad 29 thru_hole circle (at 11.43 -15.24 90) (size 1.235 1.235) (drill 0.835) (layers *.Cu *.Mask F.SilkS)
      (net 45 /M_SCL))
    (pad 28 thru_hole circle (at 11.43 -12.7 90) (size 1.235 1.235) (drill 0.835) (layers *.Cu *.Mask F.SilkS)
      (net 46 /M_SDA))
    (pad 27 thru_hole circle (at 11.43 -10.16 90) (size 1.235 1.235) (drill 0.835) (layers *.Cu *.Mask F.SilkS)
      (net 104 "Net-(U1-Pad27)"))
    (pad 26 thru_hole circle (at 11.43 -7.62 90) (size 1.235 1.235) (drill 0.835) (layers *.Cu *.Mask F.SilkS)
      (net 103 "Net-(U1-Pad26)"))
    (pad 25 thru_hole circle (at 11.43 -5.08 90) (size 1.235 1.235) (drill 0.835) (layers *.Cu *.Mask F.SilkS)
      (net 34 3.3V_IN))
    (pad 24 thru_hole circle (at 11.43 -2.54 90) (size 1.235 1.235) (drill 0.835) (layers *.Cu *.Mask F.SilkS)
      (net 32 GND))
    (pad 23 thru_hole circle (at 11.43 0 90) (size 1.235 1.235) (drill 0.835) (layers *.Cu *.Mask F.SilkS)
      (net 102 "Net-(U1-Pad23)"))
    (pad 22 thru_hole circle (at 11.43 2.54 90) (size 1.235 1.235) (drill 0.835) (layers *.Cu *.Mask F.SilkS)
      (net 101 "Net-(U1-Pad22)"))
    (pad 21 thru_hole circle (at 11.43 5.08 90) (size 1.235 1.235) (drill 0.835) (layers *.Cu *.Mask F.SilkS)
      (net 100 "Net-(U1-Pad21)"))
    (pad 20 thru_hole circle (at 11.43 7.62 90) (size 1.235 1.235) (drill 0.835) (layers *.Cu *.Mask F.SilkS)
      (net 99 "Net-(U1-Pad20)"))
    (pad 19 thru_hole circle (at 11.43 10.16 90) (size 1.235 1.235) (drill 0.835) (layers *.Cu *.Mask F.SilkS)
      (net 98 "Net-(U1-Pad19)"))
    (pad 18 thru_hole circle (at 11.43 12.7 90) (size 1.235 1.235) (drill 0.835) (layers *.Cu *.Mask F.SilkS)
      (net 97 "Net-(U1-Pad18)"))
    (pad 17 thru_hole circle (at 11.43 15.24 90) (size 1.235 1.235) (drill 0.835) (layers *.Cu *.Mask F.SilkS)
      (net 32 GND))
    (pad 16 thru_hole circle (at 11.43 17.78 90) (size 1.235 1.235) (drill 0.835) (layers *.Cu *.Mask F.SilkS)
      (net 34 3.3V_IN))
    (pad 15 thru_hole circle (at -11.43 17.78 90) (size 1.235 1.235) (drill 0.835) (layers *.Cu *.Mask F.SilkS)
      (net 96 VUSB))
    (pad 14 thru_hole circle (at -11.43 15.24 90) (size 1.235 1.235) (drill 0.835) (layers *.Cu *.Mask F.SilkS)
      (net 32 GND))
    (pad 13 thru_hole circle (at -11.43 12.7 90) (size 1.235 1.235) (drill 0.835) (layers *.Cu *.Mask F.SilkS)
      (net 95 "Net-(U1-Pad13)"))
    (pad 12 thru_hole circle (at -11.43 10.16 90) (size 1.235 1.235) (drill 0.835) (layers *.Cu *.Mask F.SilkS)
      (net 94 "Net-(U1-Pad12)"))
    (pad 11 thru_hole circle (at -11.43 7.62 90) (size 1.235 1.235) (drill 0.835) (layers *.Cu *.Mask F.SilkS)
      (net 34 3.3V_IN))
    (pad 10 thru_hole circle (at -11.43 5.08 90) (size 1.235 1.235) (drill 0.835) (layers *.Cu *.Mask F.SilkS)
      (net 32 GND))
    (pad 9 thru_hole circle (at -11.43 2.54 90) (size 1.235 1.235) (drill 0.835) (layers *.Cu *.Mask F.SilkS)
      (net 93 "Net-(U1-Pad9)"))
    (pad 8 thru_hole circle (at -11.43 0 90) (size 1.235 1.235) (drill 0.835) (layers *.Cu *.Mask F.SilkS)
      (net 92 "Net-(U1-Pad8)"))
    (pad 7 thru_hole circle (at -11.43 -2.54 90) (size 1.235 1.235) (drill 0.835) (layers *.Cu *.Mask F.SilkS)
      (net 91 "Net-(U1-Pad7)"))
    (pad 6 thru_hole circle (at -11.43 -5.08 90) (size 1.235 1.235) (drill 0.835) (layers *.Cu *.Mask F.SilkS)
      (net 90 "Net-(U1-Pad6)"))
    (pad 5 thru_hole circle (at -11.43 -7.62 90) (size 1.235 1.235) (drill 0.835) (layers *.Cu *.Mask F.SilkS)
      (net 89 "Net-(U1-Pad5)"))
    (pad 4 thru_hole circle (at -11.43 -10.16 90) (size 1.235 1.235) (drill 0.835) (layers *.Cu *.Mask F.SilkS)
      (net 88 "Net-(U1-Pad4)"))
    (pad 3 thru_hole circle (at -11.43 -12.7 90) (size 1.235 1.235) (drill 0.835) (layers *.Cu *.Mask F.SilkS)
      (net 87 "Net-(U1-Pad3)"))
    (pad 2 thru_hole circle (at -11.43 -15.24 90) (size 1.235 1.235) (drill 0.835) (layers *.Cu *.Mask F.SilkS)
      (net 86 "Net-(U1-Pad2)"))
    (pad 1 thru_hole rect (at -11.43 -17.78 90) (size 1.235 1.235) (drill 0.835) (layers *.Cu *.Mask F.SilkS)
      (net 109 "Net-(C10-Pad2)"))
  )

  (module Connector_PinHeader_2.54mm:PinHeader_2x05_P2.54mm_Vertical (layer F.Cu) (tedit 59FED5CC) (tstamp 5B41C976)
    (at 181.991 50.038)
    (descr "Through hole straight pin header, 2x05, 2.54mm pitch, double rows")
    (tags "Through hole pin header THT 2x05 2.54mm double row")
    (path /5B927779)
    (fp_text reference J1 (at 1.27 -2.33) (layer F.SilkS)
      (effects (font (size 1 1) (thickness 0.15)))
    )
    (fp_text value Conn_02x05_Odd_Even (at 1.27 12.49) (layer F.Fab)
      (effects (font (size 1 1) (thickness 0.15)))
    )
    (fp_line (start 0 -1.27) (end 3.81 -1.27) (layer F.Fab) (width 0.1))
    (fp_line (start 3.81 -1.27) (end 3.81 11.43) (layer F.Fab) (width 0.1))
    (fp_line (start 3.81 11.43) (end -1.27 11.43) (layer F.Fab) (width 0.1))
    (fp_line (start -1.27 11.43) (end -1.27 0) (layer F.Fab) (width 0.1))
    (fp_line (start -1.27 0) (end 0 -1.27) (layer F.Fab) (width 0.1))
    (fp_line (start -1.33 11.49) (end 3.87 11.49) (layer F.SilkS) (width 0.12))
    (fp_line (start -1.33 1.27) (end -1.33 11.49) (layer F.SilkS) (width 0.12))
    (fp_line (start 3.87 -1.33) (end 3.87 11.49) (layer F.SilkS) (width 0.12))
    (fp_line (start -1.33 1.27) (end 1.27 1.27) (layer F.SilkS) (width 0.12))
    (fp_line (start 1.27 1.27) (end 1.27 -1.33) (layer F.SilkS) (width 0.12))
    (fp_line (start 1.27 -1.33) (end 3.87 -1.33) (layer F.SilkS) (width 0.12))
    (fp_line (start -1.33 0) (end -1.33 -1.33) (layer F.SilkS) (width 0.12))
    (fp_line (start -1.33 -1.33) (end 0 -1.33) (layer F.SilkS) (width 0.12))
    (fp_line (start -1.8 -1.8) (end -1.8 11.95) (layer F.CrtYd) (width 0.05))
    (fp_line (start -1.8 11.95) (end 4.35 11.95) (layer F.CrtYd) (width 0.05))
    (fp_line (start 4.35 11.95) (end 4.35 -1.8) (layer F.CrtYd) (width 0.05))
    (fp_line (start 4.35 -1.8) (end -1.8 -1.8) (layer F.CrtYd) (width 0.05))
    (fp_text user %R (at 1.27 5.08 90) (layer F.Fab)
      (effects (font (size 1 1) (thickness 0.15)))
    )
    (pad 1 thru_hole rect (at 0 0) (size 1.7 1.7) (drill 1) (layers *.Cu *.Mask)
      (net 53 VBAT_IN))
    (pad 2 thru_hole oval (at 2.54 0) (size 1.7 1.7) (drill 1) (layers *.Cu *.Mask)
      (net 58 PSW0))
    (pad 3 thru_hole oval (at 0 2.54) (size 1.7 1.7) (drill 1) (layers *.Cu *.Mask)
      (net 53 VBAT_IN))
    (pad 4 thru_hole oval (at 2.54 2.54) (size 1.7 1.7) (drill 1) (layers *.Cu *.Mask)
      (net 57 PSW1))
    (pad 5 thru_hole oval (at 0 5.08) (size 1.7 1.7) (drill 1) (layers *.Cu *.Mask)
      (net 53 VBAT_IN))
    (pad 6 thru_hole oval (at 2.54 5.08) (size 1.7 1.7) (drill 1) (layers *.Cu *.Mask)
      (net 56 PSW2))
    (pad 7 thru_hole oval (at 0 7.62) (size 1.7 1.7) (drill 1) (layers *.Cu *.Mask)
      (net 53 VBAT_IN))
    (pad 8 thru_hole oval (at 2.54 7.62) (size 1.7 1.7) (drill 1) (layers *.Cu *.Mask)
      (net 55 PSW3))
    (pad 9 thru_hole oval (at 0 10.16) (size 1.7 1.7) (drill 1) (layers *.Cu *.Mask)
      (net 53 VBAT_IN))
    (pad 10 thru_hole oval (at 2.54 10.16) (size 1.7 1.7) (drill 1) (layers *.Cu *.Mask)
      (net 54 PSW4))
    (model ${KISYS3DMOD}/Connector_PinHeader_2.54mm.3dshapes/PinHeader_2x05_P2.54mm_Vertical.wrl
      (at (xyz 0 0 0))
      (scale (xyz 1 1 1))
      (rotate (xyz 0 0 0))
    )
  )

  (module SamacSys_Parts:SOP65P640X120-16N (layer F.Cu) (tedit 5B2FCA5B) (tstamp 5B3EF2AE)
    (at 193.3194 67.2084 135)
    (descr "PW (R-PDSO-G16)")
    (tags "Integrated Circuit")
    (path /5B338A11/5B949950)
    (attr smd)
    (fp_text reference IC4 (at 0 -3.429 135) (layer F.SilkS)
      (effects (font (size 1.27 1.27) (thickness 0.254)))
    )
    (fp_text value TPL7407LPWR (at 0 0 135) (layer F.SilkS) hide
      (effects (font (size 1.27 1.27) (thickness 0.254)))
    )
    (fp_line (start -3.925 -2.8) (end 3.925 -2.8) (layer Dwgs.User) (width 0.05))
    (fp_line (start 3.925 -2.8) (end 3.925 2.8) (layer Dwgs.User) (width 0.05))
    (fp_line (start 3.925 2.8) (end -3.925 2.8) (layer Dwgs.User) (width 0.05))
    (fp_line (start -3.925 2.8) (end -3.925 -2.8) (layer Dwgs.User) (width 0.05))
    (fp_line (start -2.2 -2.5) (end 2.2 -2.5) (layer Dwgs.User) (width 0.1))
    (fp_line (start 2.2 -2.5) (end 2.2 2.5) (layer Dwgs.User) (width 0.1))
    (fp_line (start 2.2 2.5) (end -2.2 2.5) (layer Dwgs.User) (width 0.1))
    (fp_line (start -2.2 2.5) (end -2.2 -2.5) (layer Dwgs.User) (width 0.1))
    (fp_line (start -2.199999 -1.85) (end -1.55 -2.499999) (layer Dwgs.User) (width 0.1))
    (fp_line (start -1.85 -2.499999) (end 1.85 -2.499999) (layer F.SilkS) (width 0.2))
    (fp_line (start 1.85 -2.499999) (end 1.85 2.499999) (layer F.SilkS) (width 0.2))
    (fp_line (start 1.85 2.499999) (end -1.85 2.499999) (layer F.SilkS) (width 0.2))
    (fp_line (start -1.85 2.499999) (end -1.85 -2.499999) (layer F.SilkS) (width 0.2))
    (fp_line (start -3.675 -2.85) (end -2.2 -2.85) (layer F.SilkS) (width 0.2))
    (pad 1 smd rect (at -2.938 -2.275 225) (size 0.45 1.475) (layers F.Cu F.Paste F.Mask)
      (net 52 SWIO4))
    (pad 2 smd rect (at -2.938 -1.625 225) (size 0.45 1.475) (layers F.Cu F.Paste F.Mask)
      (net 22 SWIO3))
    (pad 3 smd rect (at -2.938 -0.975 225) (size 0.45 1.475) (layers F.Cu F.Paste F.Mask)
      (net 23 SWIO2))
    (pad 4 smd rect (at -2.938 -0.325 225) (size 0.45 1.475) (layers F.Cu F.Paste F.Mask)
      (net 24 SWIO1))
    (pad 5 smd rect (at -2.938 0.325 225) (size 0.45 1.475) (layers F.Cu F.Paste F.Mask)
      (net 25 SWIO0))
    (pad 6 smd rect (at -2.938 0.975 225) (size 0.45 1.475) (layers F.Cu F.Paste F.Mask)
      (net 38 /I2C-Analog-Expander/VBAT_CTRL))
    (pad 7 smd rect (at -2.938 1.625 225) (size 0.45 1.475) (layers F.Cu F.Paste F.Mask)
      (net 37 /I2C-Analog-Expander/3.3V_CTRL))
    (pad 8 smd rect (at -2.938 2.275 225) (size 0.45 1.475) (layers F.Cu F.Paste F.Mask)
      (net 32 GND))
    (pad 9 smd rect (at 2.938 2.275 225) (size 0.45 1.475) (layers F.Cu F.Paste F.Mask)
      (net 53 VBAT_IN))
    (pad 10 smd rect (at 2.938 1.625 225) (size 0.45 1.475) (layers F.Cu F.Paste F.Mask)
      (net 8 "Net-(IC4-Pad10)"))
    (pad 11 smd rect (at 2.938 0.975 225) (size 0.45 1.475) (layers F.Cu F.Paste F.Mask)
      (net 9 "Net-(IC4-Pad11)"))
    (pad 12 smd rect (at 2.938 0.325 225) (size 0.45 1.475) (layers F.Cu F.Paste F.Mask)
      (net 58 PSW0))
    (pad 13 smd rect (at 2.938 -0.325 225) (size 0.45 1.475) (layers F.Cu F.Paste F.Mask)
      (net 57 PSW1))
    (pad 14 smd rect (at 2.938 -0.975 225) (size 0.45 1.475) (layers F.Cu F.Paste F.Mask)
      (net 56 PSW2))
    (pad 15 smd rect (at 2.938 -1.625 225) (size 0.45 1.475) (layers F.Cu F.Paste F.Mask)
      (net 55 PSW3))
    (pad 16 smd rect (at 2.938 -2.275 225) (size 0.45 1.475) (layers F.Cu F.Paste F.Mask)
      (net 54 PSW4))
  )

  (module Connector_PinHeader_2.54mm:PinHeader_2x05_P2.54mm_Vertical (layer F.Cu) (tedit 59FED5CC) (tstamp 5B41A054)
    (at 191.9224 122.8344 90)
    (descr "Through hole straight pin header, 2x05, 2.54mm pitch, double rows")
    (tags "Through hole pin header THT 2x05 2.54mm double row")
    (path /5B697B0E)
    (fp_text reference J3 (at 1.27 -2.33 90) (layer F.SilkS)
      (effects (font (size 1 1) (thickness 0.15)))
    )
    (fp_text value Conn_02x05_Odd_Even (at 1.27 12.49 90) (layer F.Fab)
      (effects (font (size 1 1) (thickness 0.15)))
    )
    (fp_text user %R (at 0.254 4.318 -180) (layer F.Fab)
      (effects (font (size 1 1) (thickness 0.15)))
    )
    (fp_line (start 4.35 -1.8) (end -1.8 -1.8) (layer F.CrtYd) (width 0.05))
    (fp_line (start 4.35 11.95) (end 4.35 -1.8) (layer F.CrtYd) (width 0.05))
    (fp_line (start -1.8 11.95) (end 4.35 11.95) (layer F.CrtYd) (width 0.05))
    (fp_line (start -1.8 -1.8) (end -1.8 11.95) (layer F.CrtYd) (width 0.05))
    (fp_line (start -1.33 -1.33) (end 0 -1.33) (layer F.SilkS) (width 0.12))
    (fp_line (start -1.33 0) (end -1.33 -1.33) (layer F.SilkS) (width 0.12))
    (fp_line (start 1.27 -1.33) (end 3.87 -1.33) (layer F.SilkS) (width 0.12))
    (fp_line (start 1.27 1.27) (end 1.27 -1.33) (layer F.SilkS) (width 0.12))
    (fp_line (start -1.33 1.27) (end 1.27 1.27) (layer F.SilkS) (width 0.12))
    (fp_line (start 3.87 -1.33) (end 3.87 11.49) (layer F.SilkS) (width 0.12))
    (fp_line (start -1.33 1.27) (end -1.33 11.49) (layer F.SilkS) (width 0.12))
    (fp_line (start -1.33 11.49) (end 3.87 11.49) (layer F.SilkS) (width 0.12))
    (fp_line (start -1.27 0) (end 0 -1.27) (layer F.Fab) (width 0.1))
    (fp_line (start -1.27 11.43) (end -1.27 0) (layer F.Fab) (width 0.1))
    (fp_line (start 3.81 11.43) (end -1.27 11.43) (layer F.Fab) (width 0.1))
    (fp_line (start 3.81 -1.27) (end 3.81 11.43) (layer F.Fab) (width 0.1))
    (fp_line (start 0 -1.27) (end 3.81 -1.27) (layer F.Fab) (width 0.1))
    (pad 10 thru_hole oval (at 2.54 10.16 90) (size 1.7 1.7) (drill 1) (layers *.Cu *.Mask)
      (net 32 GND))
    (pad 9 thru_hole oval (at 0 10.16 90) (size 1.7 1.7) (drill 1) (layers *.Cu *.Mask)
      (net 34 3.3V_IN))
    (pad 8 thru_hole oval (at 2.54 7.62 90) (size 1.7 1.7) (drill 1) (layers *.Cu *.Mask)
      (net 65 A15))
    (pad 7 thru_hole oval (at 0 7.62 90) (size 1.7 1.7) (drill 1) (layers *.Cu *.Mask)
      (net 66 A14))
    (pad 6 thru_hole oval (at 2.54 5.08 90) (size 1.7 1.7) (drill 1) (layers *.Cu *.Mask)
      (net 67 A13))
    (pad 5 thru_hole oval (at 0 5.08 90) (size 1.7 1.7) (drill 1) (layers *.Cu *.Mask)
      (net 68 A12))
    (pad 4 thru_hole oval (at 2.54 2.54 90) (size 1.7 1.7) (drill 1) (layers *.Cu *.Mask)
      (net 59 A11))
    (pad 3 thru_hole oval (at 0 2.54 90) (size 1.7 1.7) (drill 1) (layers *.Cu *.Mask)
      (net 60 A10))
    (pad 2 thru_hole oval (at 2.54 0 90) (size 1.7 1.7) (drill 1) (layers *.Cu *.Mask)
      (net 61 A9))
    (pad 1 thru_hole rect (at 0 0 90) (size 1.7 1.7) (drill 1) (layers *.Cu *.Mask)
      (net 62 A8))
    (model ${KISYS3DMOD}/Connector_PinHeader_2.54mm.3dshapes/PinHeader_2x05_P2.54mm_Vertical.wrl
      (at (xyz 0 0 0))
      (scale (xyz 1 1 1))
      (rotate (xyz 0 0 0))
    )
  )

  (module MountingHole:MountingHole_3.2mm_M3 (layer F.Cu) (tedit 56D1B4CB) (tstamp 5B49015A)
    (at 229.2223 120.28678)
    (descr "Mounting Hole 3.2mm, no annular, M3")
    (tags "mounting hole 3.2mm no annular m3")
    (path /5B42775C)
    (attr virtual)
    (fp_text reference MK4 (at 0 -4.2) (layer F.SilkS)
      (effects (font (size 1 1) (thickness 0.15)))
    )
    (fp_text value Mounting_Hole (at 0 4.2) (layer F.Fab)
      (effects (font (size 1 1) (thickness 0.15)))
    )
    (fp_circle (center 0 0) (end 3.45 0) (layer F.CrtYd) (width 0.05))
    (fp_circle (center 0 0) (end 3.2 0) (layer Cmts.User) (width 0.15))
    (fp_text user %R (at 0.3 0) (layer F.Fab)
      (effects (font (size 1 1) (thickness 0.15)))
    )
    (pad 1 np_thru_hole circle (at 0 0) (size 3.2 3.2) (drill 3.2) (layers *.Cu *.Mask))
  )

  (module MountingHole:MountingHole_3.2mm_M3 (layer F.Cu) (tedit 56D1B4CB) (tstamp 5B490152)
    (at 219.4306 68.5038)
    (descr "Mounting Hole 3.2mm, no annular, M3")
    (tags "mounting hole 3.2mm no annular m3")
    (path /5B42770E)
    (attr virtual)
    (fp_text reference MK3 (at 0 -4.2) (layer F.SilkS)
      (effects (font (size 1 1) (thickness 0.15)))
    )
    (fp_text value Mounting_Hole (at 0 4.2) (layer F.Fab)
      (effects (font (size 1 1) (thickness 0.15)))
    )
    (fp_text user %R (at 0.3 0) (layer F.Fab)
      (effects (font (size 1 1) (thickness 0.15)))
    )
    (fp_circle (center 0 0) (end 3.2 0) (layer Cmts.User) (width 0.15))
    (fp_circle (center 0 0) (end 3.45 0) (layer F.CrtYd) (width 0.05))
    (pad 1 np_thru_hole circle (at 0 0) (size 3.2 3.2) (drill 3.2) (layers *.Cu *.Mask))
  )

  (module MountingHole:MountingHole_3.2mm_M3 (layer F.Cu) (tedit 56D1B4CB) (tstamp 5B49014A)
    (at 182.9308 120.142)
    (descr "Mounting Hole 3.2mm, no annular, M3")
    (tags "mounting hole 3.2mm no annular m3")
    (path /5B4276BE)
    (attr virtual)
    (fp_text reference MK2 (at 0 -4.2) (layer F.SilkS)
      (effects (font (size 1 1) (thickness 0.15)))
    )
    (fp_text value Mounting_Hole (at 0 4.2) (layer F.Fab)
      (effects (font (size 1 1) (thickness 0.15)))
    )
    (fp_circle (center 0 0) (end 3.45 0) (layer F.CrtYd) (width 0.05))
    (fp_circle (center 0 0) (end 3.2 0) (layer Cmts.User) (width 0.15))
    (fp_text user %R (at 0.3 0) (layer F.Fab)
      (effects (font (size 1 1) (thickness 0.15)))
    )
    (pad 1 np_thru_hole circle (at 0 0) (size 3.2 3.2) (drill 3.2) (layers *.Cu *.Mask))
  )

  (module MountingHole:MountingHole_3.2mm_M3 (layer F.Cu) (tedit 56D1B4CB) (tstamp 5B490142)
    (at 183.388 67.691)
    (descr "Mounting Hole 3.2mm, no annular, M3")
    (tags "mounting hole 3.2mm no annular m3")
    (path /5B4275E7)
    (attr virtual)
    (fp_text reference MK1 (at 0 -4.2) (layer F.SilkS)
      (effects (font (size 1 1) (thickness 0.15)))
    )
    (fp_text value Mounting_Hole (at 0 4.2) (layer F.Fab)
      (effects (font (size 1 1) (thickness 0.15)))
    )
    (fp_text user %R (at 0.3 0) (layer F.Fab)
      (effects (font (size 1 1) (thickness 0.15)))
    )
    (fp_circle (center 0 0) (end 3.2 0) (layer Cmts.User) (width 0.15))
    (fp_circle (center 0 0) (end 3.45 0) (layer F.CrtYd) (width 0.05))
    (pad 1 np_thru_hole circle (at 0 0) (size 3.2 3.2) (drill 3.2) (layers *.Cu *.Mask))
  )

  (module Capacitor_SMD:C_0603_1608Metric (layer F.Cu) (tedit 5B20DC38) (tstamp 5B4170F9)
    (at 199.4281 100.2665 180)
    (descr "Capacitor SMD 0603 (1608 Metric), square (rectangular) end terminal, IPC_7351 nominal, (Body size source: http://www.tortai-tech.com/upload/download/2011102023233369053.pdf), generated with kicad-footprint-generator")
    (tags capacitor)
    (path /5B338A11/5B8D2209)
    (attr smd)
    (fp_text reference C2 (at 0 -1.43 180) (layer F.SilkS)
      (effects (font (size 1 1) (thickness 0.15)))
    )
    (fp_text value 100n (at 0 1.43 180) (layer F.Fab)
      (effects (font (size 1 1) (thickness 0.15)))
    )
    (fp_line (start -0.8 0.4) (end -0.8 -0.4) (layer F.Fab) (width 0.1))
    (fp_line (start -0.8 -0.4) (end 0.8 -0.4) (layer F.Fab) (width 0.1))
    (fp_line (start 0.8 -0.4) (end 0.8 0.4) (layer F.Fab) (width 0.1))
    (fp_line (start 0.8 0.4) (end -0.8 0.4) (layer F.Fab) (width 0.1))
    (fp_line (start -0.162779 -0.51) (end 0.162779 -0.51) (layer F.SilkS) (width 0.12))
    (fp_line (start -0.162779 0.51) (end 0.162779 0.51) (layer F.SilkS) (width 0.12))
    (fp_line (start -1.48 0.73) (end -1.48 -0.73) (layer F.CrtYd) (width 0.05))
    (fp_line (start -1.48 -0.73) (end 1.48 -0.73) (layer F.CrtYd) (width 0.05))
    (fp_line (start 1.48 -0.73) (end 1.48 0.73) (layer F.CrtYd) (width 0.05))
    (fp_line (start 1.48 0.73) (end -1.48 0.73) (layer F.CrtYd) (width 0.05))
    (fp_text user %R (at -0.067801 0.742199 180) (layer F.Fab)
      (effects (font (size 0.4 0.4) (thickness 0.06)))
    )
    (pad 1 smd roundrect (at -0.7875 0 180) (size 0.875 0.95) (layers F.Cu F.Paste F.Mask) (roundrect_rratio 0.25)
      (net 51 "Net-(C2-Pad1)"))
    (pad 2 smd roundrect (at 0.7875 0 180) (size 0.875 0.95) (layers F.Cu F.Paste F.Mask) (roundrect_rratio 0.25)
      (net 32 GND))
    (model ${KISYS3DMOD}/Capacitor_SMD.3dshapes/C_0603_1608Metric.wrl
      (at (xyz 0 0 0))
      (scale (xyz 1 1 1))
      (rotate (xyz 0 0 0))
    )
  )

  (module Capacitor_SMD:C_0603_1608Metric (layer F.Cu) (tedit 5B20DC38) (tstamp 5B4170E8)
    (at 183.4388 113.8936)
    (descr "Capacitor SMD 0603 (1608 Metric), square (rectangular) end terminal, IPC_7351 nominal, (Body size source: http://www.tortai-tech.com/upload/download/2011102023233369053.pdf), generated with kicad-footprint-generator")
    (tags capacitor)
    (path /5B338A11/5BF0B6BE)
    (attr smd)
    (fp_text reference C3 (at 0 -1.43) (layer F.SilkS)
      (effects (font (size 1 1) (thickness 0.15)))
    )
    (fp_text value 100n (at 0 1.43) (layer F.Fab)
      (effects (font (size 1 1) (thickness 0.15)))
    )
    (fp_text user %R (at 0 0) (layer F.Fab)
      (effects (font (size 0.4 0.4) (thickness 0.06)))
    )
    (fp_line (start 1.48 0.73) (end -1.48 0.73) (layer F.CrtYd) (width 0.05))
    (fp_line (start 1.48 -0.73) (end 1.48 0.73) (layer F.CrtYd) (width 0.05))
    (fp_line (start -1.48 -0.73) (end 1.48 -0.73) (layer F.CrtYd) (width 0.05))
    (fp_line (start -1.48 0.73) (end -1.48 -0.73) (layer F.CrtYd) (width 0.05))
    (fp_line (start -0.162779 0.51) (end 0.162779 0.51) (layer F.SilkS) (width 0.12))
    (fp_line (start -0.162779 -0.51) (end 0.162779 -0.51) (layer F.SilkS) (width 0.12))
    (fp_line (start 0.8 0.4) (end -0.8 0.4) (layer F.Fab) (width 0.1))
    (fp_line (start 0.8 -0.4) (end 0.8 0.4) (layer F.Fab) (width 0.1))
    (fp_line (start -0.8 -0.4) (end 0.8 -0.4) (layer F.Fab) (width 0.1))
    (fp_line (start -0.8 0.4) (end -0.8 -0.4) (layer F.Fab) (width 0.1))
    (pad 2 smd roundrect (at 0.7875 0) (size 0.875 0.95) (layers F.Cu F.Paste F.Mask) (roundrect_rratio 0.25)
      (net 34 3.3V_IN))
    (pad 1 smd roundrect (at -0.7875 0) (size 0.875 0.95) (layers F.Cu F.Paste F.Mask) (roundrect_rratio 0.25)
      (net 32 GND))
    (model ${KISYS3DMOD}/Capacitor_SMD.3dshapes/C_0603_1608Metric.wrl
      (at (xyz 0 0 0))
      (scale (xyz 1 1 1))
      (rotate (xyz 0 0 0))
    )
  )

  (module Capacitor_SMD:C_0603_1608Metric (layer F.Cu) (tedit 5B20DC38) (tstamp 5B4170D7)
    (at 196.8754 87.1475 270)
    (descr "Capacitor SMD 0603 (1608 Metric), square (rectangular) end terminal, IPC_7351 nominal, (Body size source: http://www.tortai-tech.com/upload/download/2011102023233369053.pdf), generated with kicad-footprint-generator")
    (tags capacitor)
    (path /5B338A11/5B904B95)
    (attr smd)
    (fp_text reference C4 (at 0 -1.43 270) (layer F.SilkS)
      (effects (font (size 1 1) (thickness 0.15)))
    )
    (fp_text value 100n (at 0 1.43 270) (layer F.Fab)
      (effects (font (size 1 1) (thickness 0.15)))
    )
    (fp_line (start -0.8 0.4) (end -0.8 -0.4) (layer F.Fab) (width 0.1))
    (fp_line (start -0.8 -0.4) (end 0.8 -0.4) (layer F.Fab) (width 0.1))
    (fp_line (start 0.8 -0.4) (end 0.8 0.4) (layer F.Fab) (width 0.1))
    (fp_line (start 0.8 0.4) (end -0.8 0.4) (layer F.Fab) (width 0.1))
    (fp_line (start -0.162779 -0.51) (end 0.162779 -0.51) (layer F.SilkS) (width 0.12))
    (fp_line (start -0.162779 0.51) (end 0.162779 0.51) (layer F.SilkS) (width 0.12))
    (fp_line (start -1.48 0.73) (end -1.48 -0.73) (layer F.CrtYd) (width 0.05))
    (fp_line (start -1.48 -0.73) (end 1.48 -0.73) (layer F.CrtYd) (width 0.05))
    (fp_line (start 1.48 -0.73) (end 1.48 0.73) (layer F.CrtYd) (width 0.05))
    (fp_line (start 1.48 0.73) (end -1.48 0.73) (layer F.CrtYd) (width 0.05))
    (fp_text user %R (at 0 0 270) (layer F.Fab)
      (effects (font (size 0.4 0.4) (thickness 0.06)))
    )
    (pad 1 smd roundrect (at -0.7875 0 270) (size 0.875 0.95) (layers F.Cu F.Paste F.Mask) (roundrect_rratio 0.25)
      (net 32 GND))
    (pad 2 smd roundrect (at 0.7875 0 270) (size 0.875 0.95) (layers F.Cu F.Paste F.Mask) (roundrect_rratio 0.25)
      (net 5 /3.3V_SW))
    (model ${KISYS3DMOD}/Capacitor_SMD.3dshapes/C_0603_1608Metric.wrl
      (at (xyz 0 0 0))
      (scale (xyz 1 1 1))
      (rotate (xyz 0 0 0))
    )
  )

  (module Capacitor_SMD:C_0603_1608Metric (layer F.Cu) (tedit 5B20DC38) (tstamp 5B3EFD64)
    (at 224.2565 63.246)
    (descr "Capacitor SMD 0603 (1608 Metric), square (rectangular) end terminal, IPC_7351 nominal, (Body size source: http://www.tortai-tech.com/upload/download/2011102023233369053.pdf), generated with kicad-footprint-generator")
    (tags capacitor)
    (path /5B338A11/5C104C42)
    (attr smd)
    (fp_text reference C5 (at 0 -1.43) (layer F.SilkS)
      (effects (font (size 1 1) (thickness 0.15)))
    )
    (fp_text value 1µF (at 0 1.43) (layer F.Fab)
      (effects (font (size 1 1) (thickness 0.15)))
    )
    (fp_text user %R (at 0.0508 -0.0127) (layer F.Fab)
      (effects (font (size 0.4 0.4) (thickness 0.06)))
    )
    (fp_line (start 1.48 0.73) (end -1.48 0.73) (layer F.CrtYd) (width 0.05))
    (fp_line (start 1.48 -0.73) (end 1.48 0.73) (layer F.CrtYd) (width 0.05))
    (fp_line (start -1.48 -0.73) (end 1.48 -0.73) (layer F.CrtYd) (width 0.05))
    (fp_line (start -1.48 0.73) (end -1.48 -0.73) (layer F.CrtYd) (width 0.05))
    (fp_line (start -0.162779 0.51) (end 0.162779 0.51) (layer F.SilkS) (width 0.12))
    (fp_line (start -0.162779 -0.51) (end 0.162779 -0.51) (layer F.SilkS) (width 0.12))
    (fp_line (start 0.8 0.4) (end -0.8 0.4) (layer F.Fab) (width 0.1))
    (fp_line (start 0.8 -0.4) (end 0.8 0.4) (layer F.Fab) (width 0.1))
    (fp_line (start -0.8 -0.4) (end 0.8 -0.4) (layer F.Fab) (width 0.1))
    (fp_line (start -0.8 0.4) (end -0.8 -0.4) (layer F.Fab) (width 0.1))
    (pad 2 smd roundrect (at 0.7875 0) (size 0.875 0.95) (layers F.Cu F.Paste F.Mask) (roundrect_rratio 0.25)
      (net 34 3.3V_IN))
    (pad 1 smd roundrect (at -0.7875 0) (size 0.875 0.95) (layers F.Cu F.Paste F.Mask) (roundrect_rratio 0.25)
      (net 7 3.3V_SW_G))
